---------------∮四電子一甲-★-B9502028-★-陳敬翔〈星晴小羽〉製∮---------------

   姓名  s1  s2  s3  s4  s5 總分 平均 排名
  Helen  60  94  91  84  71  400 80.00   1
  Kitty  92  69  82  89  27  359 71.00   2
   Iris  85  80  15  96  74  350 70.00   3
  Diana  98  74  37  51  50  310 62.00   4
 Angela   9  49  99  92  56  305 61.00   5
  Cathy  87  37   6  94  67  291 58.00   6
 Monica  89  31   2  97  70  289 57.00   7
   Jess  46  54  11  84  79  274 54.00   8
   Dora  28  71  89  60   5  253 50.00   9
  Wendy  72  30  67   5  77  251 50.00  10
Georgia  54  85  48   2  56  245 49.00  11
 Carrie  30  24  24  82  81  241 48.00  12
   Moon  24  15  42  98  26  205 41.00  13
 Tricia  19  71  40  49  23  202 40.00  14
   Gill  79  84  23   1  11  198 39.00  15
   June  71  37  44  36   9  197 39.00  16
 Aileen  38  97  28  26   6  195 39.00  17
  Flora  10  44  26  51  31  162 32.00  18
  Donna  42  53   5  20  39  159 31.00  19
  Erica  46  23  39   4  11  123 24.00  20
